Urban population	SP.URB.TOTL	Argentina	ARG	15177907	15550745	15916161	16283191	16650738	17017602	17383414	17749066	18120768	18505677	18909948	19327703	19762667	20210548	20661009	21106169	21543399	21974571	22405664	22844170	23296127	23780333	24285074	24799122	25319368	25842013	26365972	26891584	27418228	27944438	28469636	28987585	29462392	29933012	30397318	30852828	31298956	31735996	32167673	32599189	33033754	33472924	33914775	34358150	34801606	35243074	35682119	36119493	36558177	37001390	37451491	37903594	38358970	38817256	39275219	39728558	40176085	40618237
Urban population	SP.URB.TOTL	Bangladesh	BGD	2475057	2617508	2805637	3008532	3228260	3467852	3729712	4014260	4316105	4626933	4939077	5248219	5557188	5875157	6313359	7013651	7811638	8713882	9728604	10856231	12099237	13228798	13943509	14691533	15478941	16306248	17177150	18090344	19042936	20025732	21037032	22024916	22922841	23837323	24779354	25751082	26756934	27790504	28852897	29937469	31040015	32314461	33816861	35351142	36901038	38452444	40000914	41547693	43106068	44698589	46347659	48058996	49821756	51623507	53456560	55304800	57168296	59047279
Urban population	SP.URB.TOTL	Brazil	BRA	33315843	35036038	36830967	38699975	40632217	42614884	44649390	46735257	48873647	51058529	53296257	55601915	57962113	60375977	62858800	65416319	68051067	70755737	73536292	76391349	79320872	82319314	85387337	88504411	91645752	94786163	97923276	101051513	104173596	107289048	110404093	113511305	116609474	119705248	122818031	125958401	129130417	132441101	135763838	139064280	142319498	144961004	147507656	150005801	152448023	154831127	157150590	159407908	161618007	163798391	165968133	168150531	170322404	172470371	174585892	176653700	178668678	180634620
Urban population	SP.URB.TOTL	Canada	CAN	12368141	12729040	13121753	13522659	13934678	14343688	14763748	15136519	15487885	15804855	16132459	16470088	16708781	16967420	17247044	17548557	17756796	17976212	18167130	18358996	18607802	18852288	19121765	19355470	19583639	19807755	20046584	20316591	20585971	20961910	21282904	21585143	21927863	22245552	22536691	22800720	23129543	23491972	23812357	24125782	24455142	24806464	25054475	25330347	25610398	25889021	26125779	26440579	26788779	27157761	27522849	27850621	28195550	28535991	28861099	29117142	29483123	29862026
Urban population	SP.URB.TOTL	China	CHN	108085352	110327936	114685540	121162226	127791981	129348359	131746910	134196718	136747486	139527262	142386810	145443877	148131235	151552570	155688522	159452730	162497601	165293316	171153535	180399661	189947471	199949784	210823843	220472140	230206255	240414890	251325056	262976051	275121076	287504237	300165618	314301034	328521540	342961393	357836540	373035157	388593258	404485562	420606126	436766058	452999147	471767321	491993700	512473984	533257098	554367818	575118254	595670841	616481190	637407288	658498663	678933504	699187267	719587859	740239259	761027100	782199374	803554542
Urban population	SP.URB.TOTL	Egypt, Arab Rep.	EGY	10221967	10618456	11010225	11412953	11827265	12253435	12692359	13143419	13603903	14068932	14536143	15004522	15476277	15956046	16450111	16964748	17501268	17973700	18408960	18864255	19341002	19838290	20356015	20896866	21464221	22059066	22683650	23283869	23861169	24425027	24961683	25466223	25942556	26396916	26839423	27278677	27714248	28218743	28773125	29337899	29917666	30515758	31133176	31764147	32399894	33035334	33665447	34263058	34857122	35492121	36182251	36935951	37712281	38521102	39331585	40122991	40889687	41660073
Urban population	SP.URB.TOTL	France	FRA	28968650	29703735	30550684	31576957	32586168	33551445	34459572	35313433	36015275	36481398	36973537	37501984	38056501	38614520	39145575	39564232	39813654	40015297	40188949	40361659	40554832	40773314	41014270	41274869	41548368	41830023	42121076	42422152	42726704	43026108	43332245	43467991	43785894	44077099	44342923	44604027	44863823	45123550	45390693	45743988	46214923	46709571	47206863	47699501	48209404	48730233	49228316	49690036	50127516	50547202	50961407	51373797	51791128	52228040	52650998	53044946	53432321	53815732
Urban population	SP.URB.TOTL	Germany	DEU	51978188	52609561	53122383	53664331	54147106	54659677	55166778	55468832	55765529	56259360	56496072	56645245	56961784	57186457	57253758	57085531	56885943	56801863	56796181	56865826	57028530	57229147	57267174	57114118	56792461	56485448	56438249	56695484	57044790	57469536	58079842	58625381	59146205	59647492	60028206	60378049	60725922	60986289	61167004	61376500	61629857	61902439	62174878	62376854	62529997	62660267	62753557	62833410	62875807	62877220	62940432	61940177	62064608	62242278	62510392	63062064	63592936	63890984
Urban population	SP.URB.TOTL	India	IND	80564904	82675812	85233375	87889023	90647749	93493389	96433890	99476360	102633471	105929223	109387114	113194002	117742214	122484460	127425919	132536083	137816239	143275833	148932756	154813017	160943057	166990850	172591889	178363968	184282446	190320201	196478756	202752462	209148059	215666932	222293000	228922786	235420524	242019983	248732500	255555657	262509794	269578709	276751329	284012050	291347596	299135188	307805121	316585717	325487024	334483094	343585192	352795471	362089053	371408805	380742328	390085540	399558252	409178263	419003394	429068623	439386539	449964523
Urban population	SP.URB.TOTL	Indonesia	IDN	12805416	13359388	13937384	14542566	15175879	15837771	16530973	17255493	18008881	18792477	19603445	20445316	21523171	22711492	23954541	25251977	26605142	28010966	29477937	31006079	32601270	34445822	36472749	38586526	40783091	43050032	45389398	47800744	50288263	52847933	55490637	58362649	61405143	64532549	67750902	71054514	74438287	77897532	81448955	85097234	88851211	91772317	94763911	97825035	100959778	104156362	107421779	110751388	114147586	117597550	121053491	124315715	127617366	130943362	134288263	137633967	140973624	144295048
Urban population	SP.URB.TOTL	Iran, Islamic Rep.	IRN	7390294	7730791	8086767	8458177	8845955	9250362	9673820	10147477	10660982	11195224	11751194	12330342	12936159	13573156	14250075	14973247	15744067	16524650	17342416	18235549	19215399	20283359	21433795	22658786	23945617	25278636	26664206	28013726	29327994	30562343	31672210	32626626	33589063	34521071	35464779	36488345	37619262	38788361	39994126	41196375	42352162	43450296	44507326	45534748	46552259	47575567	48605193	49603499	50597057	51614455	52664050	53750006	54859262	55981911	57106798	58217266	59308964	60380245
Urban population	SP.URB.TOTL	Italy	ITA	29799044	30249038	30708292	31188380	31702827	32227841	32737193	33233152	33703021	34152929	34592379	35012585	35369083	35720365	36065654	36393136	36687131	36955192	37198851	37418639	37607540	37764025	37819718	37822134	37819273	37818886	37809627	37802166	37809110	37826147	37846480	37861339	37907512	37964793	38006634	38041344	38086153	38140443	38185563	38226137	38277624	38333314	38447500	38686985	39006818	39267369	39454178	39722857	40056298	40308358	40502481	40641670	40894259	41548775	42109853	42247229	42351339	42473185
Urban population	SP.URB.TOTL	Japan	JPN	58526962	60965749	62428798	63957880	65516029	67107937	68559722	70019991	71062053	73357355	75000056	76805782	78731730	80216234	82593959	84756490	85642808	86538157	87391419	88197927	88958689	89733659	90474900	91224787	91937389	92632808	93348378	93963675	94519909	95061557	95542280	96005316	96414127	96821759	97320876	97862490	98272808	98667335	99095072	99434460	99760751	101706485	104055019	106256267	108136910	109856670	111383848	112827761	114107975	115228215	116302928	116416235	116331281	116262976	116208079	116182717	116145370	116053379
Urban population	SP.URB.TOTL	Korea, Rep.	KOR	6930929	7351204	7811004	8289479	8779189	9286249	9815880	10537106	11362681	12225296	13123306	13896560	14639182	15391092	16159311	16946391	17823527	18743336	19679806	20636698	21623805	22617087	23619800	24621925	25577374	26473134	27480866	28537079	29585374	30626132	31656393	32459655	33169705	33872973	34575766	35280305	35810625	36259672	36633453	37006183	37428328	37867709	38258247	38626122	38947802	39195731	39490771	39740941	40093884	40351067	40602657	40909592	41089082	41240244	41463573	41645542	41797024	41946498
Urban population	SP.URB.TOTL	Mexico	MEX	19374507	20323430	21311766	22339277	23405971	24511884	25656215	26839108	28070545	29361089	30708544	32112516	33582034	35100971	36647679	38202909	39760453	41319709	42882081	44448702	46013308	47472481	48931203	50393553	51861973	53340207	54826854	56322350	57837971	59388676	60961740	62531277	64142034	65774117	67401025	68999360	70492946	71919417	73311685	74664754	76006974	77346681	78647604	79950808	81313433	82772988	84348376	86024517	87771922	89539653	91291734	93022403	94735434	96434582	98126368	99812639	101492842	103158834
Urban population	SP.URB.TOTL	Nigeria	NGA	6955737	7201014	7457881	7726947	8006600	8296555	8598370	8912244	9239947	9582542	9942297	10399654	10881326	11392129	11941851	12535293	13178960	13870654	14602923	15361978	16139321	17112649	18120138	19167890	20270118	21434269	22668099	23971572	25343264	26778168	28276132	29489895	30744969	32043165	33388301	34785092	36237343	37742894	39306959	40933959	42627440	44751552	46973642	49299659	51736609	54289212	56964348	59765965	62697869	65756801	68949828	72262044	75695329	79244238	82904673	86673723	90545336	94524992
Urban population	SP.URB.TOTL	Pakistan	PAK	9926529	10347061	10720126	11112109	11523791	11954220	12405301	12876828	13369248	13882298	14416384	14971922	15551089	16187999	16869660	17592601	18360055	19171800	20031990	20943583	21910605	22901793	23881372	24904636	25966516	27060887	28186848	29342985	30523630	31718551	32923813	34133759	35349197	36576470	37825621	39103888	40416132	41757059	43094726	44390013	45687750	46983357	48285553	49598802	50935093	52301583	53701011	55133700	56604668	58121560	59690947	61316345	62994916	64713306	66460814	68226224	70005347	71796554
Urban population	SP.URB.TOTL	Philippines	PHL	7959938	8300149	8653512	9017542	9390365	9770039	10155874	10548828	10951256	11365801	11808042	12342524	12899187	13476877	14076175	14684546	15250787	15834158	16436759	17060795	17753008	18703864	19698447	20736378	21818974	22943593	24114056	25329618	26588029	27884133	29106581	29786102	30465089	31145660	31828789	32515509	33204578	33894744	34586915	35282412	35981410	36685878	37393474	38095060	38778516	39435954	40063047	40664255	41251260	41841535	42488153	43372424	44279679	45205748	46140130	47078400	48018073	48977863
Urban population	SP.URB.TOTL	Poland	POL	14193968	14540630	14828737	15149001	15484714	15762096	16007142	16289779	16575555	16835934	17026266	17266414	17626595	18005216	18398446	18803602	19215135	19625330	20007316	20341874	20663601	20985955	21314754	21651242	21984900	22299554	22589785	22855463	23089202	23241946	23350476	23450653	23539562	23616843	23684074	23733222	23768665	23801620	23827143	23842562	23611695	23622394	23621395	23563051	23506503	23453429	23396235	23340838	23300939	23274004	23165018	23134846	23086831	23025350	22960228	22897449	22849639	22825379
Urban population	SP.URB.TOTL	Russian Federation	RUS	64421857	66226377	68060071	69923357	71815164	73731369	75267305	76812479	78366306	79922296	81464683	82992261	84524649	86061054	87600777	89145034	90810675	92479950	94157479	95659612	96960865	98228786	99464693	100677781	102058393	103466989	104825013	106169956	107471421	108424260	108837430	109073667	109115423	108985461	108843023	108866238	108700578	108515107	108329743	107987645	107528575	107067618	106568907	106132766	105771150	105433013	105152847	105037426	105055515	105149982	105261473	105407907	105669949	105998510	106354643	106703732	107050095	107348258
Urban population	SP.URB.TOTL	Spain	ESP	17227480	17614512	18089104	18560792	19059712	19580951	20096611	20660198	21248036	21772801	22330440	22878387	23372204	23870859	24372582	24876771	25379947	25880544	26368356	26838008	27289444	27669147	27925417	28151118	28357570	28549379	28723937	28887112	29036437	29169746	29286916	29430524	29607126	29793326	29967941	30133075	30291556	30451227	30610090	30767125	30937864	31186430	31708814	32390830	33059302	33727737	34408810	35159317	35833174	36260460	36535850	36773882	36904876	36891840	36890017	36971015	37112875	37294880
Urban population	SP.URB.TOTL	Turkey	TUR	8657905	9025020	9398918	9785801	10186257	10601117	11084941	11613794	12164205	12737046	13334592	13911375	14488541	15085598	15701103	16333821	16914559	17474294	18048164	18640045	19252658	20329788	21630537	22977479	24362096	25769739	27034294	28238856	29455629	30682086	31923263	32891157	33738104	34589934	35453749	36333494	37230423	38142741	39068789	40002789	40942287	41942709	42977478	44014467	45046031	46065671	47068551	48059010	49062187	50109357	51225537	52415819	53670916	54969310	56291672	57616413	58945742	60271313
Urban population	SP.URB.TOTL	Ukraine	UKR	19962473	20539872	21128369	21720462	22307575	22924717	23525932	24111725	24688197	25262835	25818142	26350427	26888456	27426232	27958605	28469885	28968286	29454273	29931076	30388565	30827259	31287683	31693551	32110163	32533314	32933625	33344880	33766182	34209429	34541910	34641542	34734234	34854630	34894325	34741407	34487999	34203211	33912723	33630036	33333798	33019123	32707281	32432088	32238838	32075858	31932581	31801166	31694727	31605915	31547432	31465465	31395063	31359984	31330962	31223156	31183824	31122512	31043784
Urban population	SP.URB.TOTL	United Kingdom	GBR	41104656	41381472	41661202	41900114	42098400	42294196	42452048	42603817	42733856	42833742	42925829	43056861	43295638	43470962	43590038	43677888	43757644	43833733	43925435	44054299	44195960	44271630	44228171	44215089	44257473	44329755	44404206	44470325	44540723	44628280	44733264	44855736	45011752	45154426	45304828	45459651	45610451	45762480	45931122	46119137	46319551	46557334	46930583	47323791	47767769	48269624	48798541	49351705	49913475	50463084	51030310	51600299	52130415	52650556	53218629	53813373	54369540	54892898
Urban population	SP.URB.TOTL	United States	USA	126462473	129276215	131988693	134615404	137215986	139663053	142008703	144288757	146463196	148629124	150922373	152865492	154531732	156034954	157488501	159070594	160611122	162256678	164005080	165847531	167551171	169552427	171528659	173459636	175321738	177239105	179244877	181215212	183232441	185333919	187966119	191509147	195199459	198806845	202278113	205718394	209146726	212694273	216206090	219721677	223069137	225792302	228400290	230876596	233532722	236200507	238999326	241795278	244607104	247276259	249858829	252257346	254708202	257095490	259623192	262196447	264746567	267278643
